Time  Volume	Spread
396	2841	0.936494001
50	2000	0.997872497
175	200	1.000073535
193	1	0.999041651
276	100	0.998600575
248	6000	1.000073105
81	1839	0.99560504
18	1840	0.992908838
100	1000	0.982476721
3	650	1.000073319
23	8133	1.001393064
13	11	1.000807103
182	2	0.997862775
27	990	0.994620883
30	500	0.998673545
68	3700	1.000367782
20	500	1.001767826
398	14000	0.998527246
106	100	0.99896892
32	700	0.99896892
21	300	0.998895353
48	200	0.999263406
34	80	0.998307455
72	1000	1.000073567
56	200	0.997866235
75	2734	0.978516775
307	1000	0.998668245
31	100	0.998964191
42	2000	0.978606855
21	1000	1.002740944
4	200	1.00007408
28	4169	1.00007408
196	2100	0.99992592
306	1000	0.999108602
14	1000	1.002599718
1	1800	1.000074212
177	1	1.00066721
16	100	1.00066721
32	1	1.00066721
71	100	1.0006684
45	1	1.000891398
126	2654	1.00022383
4	2992	0.969936591
28	1000	1.00014912
28	1000	1.00037255
99	2000	0.99835033
12	1	1.000825144
8	1	1.000524384
7	433	1.000374504
2	1	1.000898338
8	2235	0.995658033
4	100	1.000149723
50	1000	0.995516365
13	1	1.000074722
97	600	0.974880383
30	1	1.000299043
148	2	1.001267805
24	3000	0.999030936
56	1	1.002832439
1	10000	0.998658718
13	1	1.005291794
28	380	1.001117485
53	380	1.001189237
22	5	1.001114827
39	5000	0.995690296
54	1	1.00111549
11	1488	0.999628115
81	5	1.000743494
19	1	1.000594796
48	50	0.995616316
79	1537	0.998660515
116	12	1.001190122
5	1	0.999628115
118	1	1.001040583
19	2207	1.000668698
27	1	1.001485663
16	1	1.000443328
21	27	1.00073888
135	4000	0.993499778
138	742	0.993872278
118	2	1.000959905
8	7500	1.00110742
109	3700	0.984126984
316	1	1.001033515
167	293	1.001329198
314	8430	1.00132626
10	742	0.998382829
6	2000	0.998970891
174	4846	1.000367782
20	1045	0.999632488
23	3796	0.994856723
9	1283	1.000734754
12	7	0.999926584
110	1000	1.001028504
7	346	1.00139511
63	1467	0.998238403
39	263	1.001615272
10	74	1.003604797
193	742	0.996347699
36	1691	0.99926954
87	3328	1.001611013
406	4	1.001687826
306	5000	1.0013896
13	2700	1
160	29327	1.00051429
254	1000	0.982983717
401	1850	0.989881214
96	2700	0.99444282
1017	545	0.994272287
614	200	0.99801017
2	500	0.98754514
125	2714	0.98754514
129	2000	0.996388827
217	3	0.997414112
490	3932	1.000369686
51	100	1.000369686
15	100	0.999038817
30	400	0.990757856
178	725	0.996827271
137	990	0.995420975
2	200	0.998596647
435	725	1.001253965
586	300	0.990318528
454	1	1.001182033
168	990	0.995501143
290	1350	1.000884695
463	3000	0.999115566
277	300	0.999410377
39	300	1.00073692
27	200	0.997347089
1267	1500	0.998524203
977	3552	0.997563677
1385	2000	0.925950535
592	990	0.998444329
272	990	0.997927461
23	990	0.9980755
597	2714	0.991857883
841	100	1.000295946
775	4000	0.960472848
48	4000	1.000369959
286	120	0.998226426
465	120	0.997635235
546	120	0.999037963
13	2629	0.999037963
106	995	0.999185969
114	70	0.997930219
496	4000	0.999556541
1208	4000	1.000664158
37	2614	1.001549244
27	3	1.001771218
701	1100	1.000073524
4	1700	1.001102536
518	7110	1.002934703
89	5087	0.996999634
183	13053	0.997438712
810	2477	1.001318488
42	1786	1.001098499
816	1400	0.993377483
428	1295	0.994516341
38	1	0.994516341
542	1298	0.998823356
337	1300	0.996687035
24	1000	0.997274803
24	3	0.996540302
8	111	0.996907672
10	3000	0.997054492
